35
35
35
35
35
35
35
35
35
35
35
35
35
35
35
37
39
42
44
46
48
50
52
54
56
57
59
60
61
62
63
64
65
66
66
66
67
67
67
67
67
66
66
65
64
63
62
60
59
57
56
54
51
49
47
45
43
40
37
35
35
35
35
35
35
35
35
35
35
35
35
35
35
35
35
35
35
35
35
35
35
35
35
35
35
35
35
35
34
36
42
50
59
67
74
83
91
99
107
116
124
132
140
148
156
164
172
181
189
197
205
213
222
229
237
247
254
255
249
240
231
223
215
207
199
191
183
174
166
158
150
142
134
126
118
109
101
93
85
76
69
61
52
44
37
34
33
31
29
26
24
23
20
18
16
14
12
9
8
6
3
1
1
3
5
7
9
11
14
16
18
20
22
24
26
28
31
33
34
35
35
35
35
35
35
35
35
35
35
35
35
35
35
35
35
35
35
35
35
35
35
35
35
35
36
38
40
42
44
46
48
50
53
55
57
58
60
62
64
66
67
69
71
72
73
75
76
77
78
79
80
81
81
82
83
83
83
84
84
84
84
84
84
83
83
82
82
81
80
79
78
77
76
75
74
72
71
69
68
66
65
63
61
59
57
55
53
51
49
47
45
43
41
38
36
35
35
35
35
35
35
35
35
35
35
35
35
35
35
35
35
35
35
35
35
35
35
35
35
35
35
35
35
35
35
35
35
35
35
35
35
35
35
35
35
35
35
35
35
35
35
35
35
36
37
37
38
38
39
39
39
40
40
40
40
40
40
39
39
38
38
37
37
36
35
35
35
35
35
35
35
35
35
35
35
35
35
35
35
35
35
35
35
35
35
35
35
35
35
35
35
35
35
35
35
35
35
35
35
35
35
35
35
35
35
35
35
35
35
35
35
35
35
35
35
35
35
35
35
35