0
5
9
13
17
21
25
29
33
36
41
44
48
52
56
60
64
68
72
76
80
83
87
91
95
98
102
106
109
113
116
120
123
127
131
134
137
141
144
147
150
154
157
160
163
166
169
172
175
178
181
184
186
189
192
195
197
200
202
204
207
209
212
214
216
218
220
222
224
226
228
230
231
233
235
236
238
239
240
242
243
244
246
247
248
249
249
250
251
252
252
253
254
254
254
255
255
255
255
255
255
255
255
255
255
255
254
254
254
253
252
252
251
250
249
249
248
247
246
244
243
242
240
239
238
236
235
233
231
230
228
226
224
222
220
218
216
214
212
209
207
204
202
200
197
195
192
189
186
184
181
178
175
172
169
166
163
160
157
154
150
147
144
141
137
134
131
127
123
120
116
113
109
106
102
98
95
91
87
83
80
76
72
68
64
60
56
52
48
44
41
36
33
29
25
21
17
13
9
5
1
5
9
13
17
21
25
29
33
36
41
44
48
52
56
60
64
68
72
76
80
83
87
91
95
98
102
106
109
113
116
120
123
127
131
134
137
141
144
147
150
154
157
160
163
166
169
172
175
178
181
184
186
189
192
195
197
200
202
204
207
209
212
214
216
218
220
222
224
226
228
230
231
233
235
236
238
239
240
242
243
244
246
247
248
249
249
250
251
252
252
253
254
254
254
255
255
255
255
255
255
255
255
255
255
255
254
254
254
253
252
252
251
250
249
249
248
247
246
244
243
242
240
239
238
236
235
233
231
230
228
226
224
222
220
218
216
214
212
209
207
204
202
200
197
195
192
189
186
184
181
178
175
172
169
166
163
160
157
154
150
147
144
141
137
134
131
127
123
120
116
113
109
106
102
98
95
91
87
83
80
76
72
68
64
60
56
52
48
44
41
36
33
29
25
21
17
13
9
5