l
1000
1000
1000
1000
1000
1000
1000
1000
1000
1000
1000
1000
1000
1000
1000
1000
1000
1000
1000
1000
1000
1000
1000
1000
1000
1000
1000
1000
1000
1000
1000
1000
1000
1000
1000
1000
1000
1000
1000
1000
1000
1000
1000
1000
1000
1000
1000
1000
1000
1000
1000
1000
1000
1000
1000
1000
1000
1000
1000
1000
1000
1000
1000
1000
1000
1000
1000
1000
1000
1000
1000
1000
1000
1000
1000
1000
1000
1000
1000
1000
1000
1000
1000
1000
1000
1000
1000
1000
1000
1000
1000
1000
1000
1000
1000
1000
1000
1000
1000
1000
1000
1000
1000
1000
1000
1000
1000
1000
1000
1000
1000
1000
1000
1000
1000
1000
1000
1000
1000
1000
1000
1000
1000
1000
1000
1000
1000
1000
1000
1000
1000
1000
1000
0
16
31
46
61
76
91
106
121
136
151
166
181
196
211
226
241
256
271
286
301
316
331
346
361
376
391
407
422
437
452
467
482
497
512
527
542
557
572
587
602
617
632
647
662
677
692
707
722
737
752
767
782
797
813
828
843
858
873
888
903
918
933
948
963
978
993
1000
985
970
955
940
925
910
895
880
865
850
835
820
805
790
775
760
745
730
715
700
685
670
655
640
625
610
594
579
564
549
534
519
504
489
474
459
444
429
414
399
384
369
354
339
324
309
294
279
264
249
234
219
204
188
173
158
143
128
113
98
83
68
53
38
23
8
0
24
48
71
95
118
142
165
188
211
235
257
280
303
325
347
370
391
413
434
456
476
497
517
538
557
577
596
615
633
651
669
686
703
720
736
752
767
782
797
811
825
838
850
863
874
886
896
907
916
926
934
942
950
957
964
970
975
980
985
989
992
995
997
999
1000
1000
1000
1000
999
997
995
992
989
985
980
975
970
964
957
950
942
934
926
916
907
896
886
874
863
850
838
825
811
797
782
767
752
736
720
703
686
669
651
633
615
596
577
557
538
517
497
476
456
434
413
391
370
347
325
303
280
257
235
211
188
165
142
118
95
71
48
24
1
0
0
0
0
0
0
0
0
0
0
0
0
0
0
0
0
0
0
0
0
0
0
0
0
0
0
0
0
0
0
0
0
0
0
0
0
r
r
r
r
r
r
r
r
r
r
r
r
r
r
r
r
r
r
r
r
r
r
r
r
r
r
r
r
r
r
r
r
r
r
r
r
r
r
r
r
r
r
r
r
r
r
r
r
r
r
r
r
r
r
r
