l
0
16
32
48
63
79
95
110
126
141
157
172
188
203
219
234
249
264
279
295
310
324
339
354
369
383
398
412
426
440
454
468
482
496
510
523
536
550
563
576
588
601
613
626
638
650
662
674
685
696
708
719
729
740
751
761
771
781
791
800
810
819
828
836
845
853
861
869
877
884
892
899
905
912
918
924
930
936
941
947
952
956
961
965
969
973
976
980
983
986
988
991
993
994
996
997
999
999
1000
1000
1000
1000
1000
999
999
997
996
994
993
991
988
986
983
980
976
973
969
965
961
956
952
947
941
936
930
924
918
912
905
899
892
884
877
869
861
853
845
836
828
819
810
800
791
781
771
761
751
740
729
719
708
696
685
674
662
650
638
626
613
601
588
576
563
550
536
523
510
496
482
468
454
440
426
412
398
383
369
354
339
324
310
295
279
264
249
234
219
203
188
172
157
141
126
110
95
79
63
48
32
16
1
16
32
48
63
79
95
110
126
141
157
172
188
203
219
234
249
264
279
295
310
324
339
354
369
383
398
412
426
440
454
468
482
496
510
523
536
550
563
576
588
601
613
626
638
650
662
674
685
696
708
719
729
740
751
761
771
781
791
800
810
819
828
836
845
853
861
869
877
884
892
899
905
912
918
924
930
936
941
947
952
956
961
965
969
973
976
980
983
986
988
991
993
994
996
997
999
999
1000
1000
1000
1000
1000
999
999
997
996
994
993
991
988
986
983
980
976
973
969
965
961
956
952
947
941
936
930
924
918
912
905
899
892
884
877
869
861
853
845
836
828
819
810
800
791
781
771
761
751
740
729
719
708
696
685
674
662
650
638
626
613
601
588
576
563
550
536
523
510
496
482
468
454
440
426
412
398
383
369
354
339
324
310
295
279
264
249
234
219
203
188
172
157
141
126
110
95
79
63
48
32
16
16
16
16
16
16
16
16
16
16
16
16
16
16
16
16
16
16
16
16
16
16
16
16
16
16
16
16
16
16
16
16
16
16
16
16
16
16
16
16
16
16
16
16
16
16
16
16
16
16
16
16
16
16
r
r
r
r
r
r
r
r
r
r
r
r
r
r
r
r
r
r
r
r
r
r
r
r
