127
128
128
128
128
128
128
128
129
129
129
130
130
131
131
131
132
132
133
133
134
134
134
135
135
135
136
136
136
136
137
137
137
137
137
136
136
136
136
135
135
134
134
133
133
132
131
130
129
128
127
126
125
124
123
122
121
120
119
117
116
115
114
113
112
111
110
109
108
107
106
106
105
105
104
104
103
103
103
103
103
104
104
104
105
106
106
107
108
109
111
112
113
115
117
118
120
122
124
126
127
130
132
134
136
138
140
142
144
146
148
150
152
154
155
157
159
160
161
163
164
165
166
166
167
167
167
168
167
167
167
166
165
165
163
162
161
159
157
156
154
151
149
147
144
142
139
136
133
130
128
124
121
118
115
112
109
106
103
100
98
95
92
90
87
85
83
81
79
78
76
75
74
73
72
72
72
72
72
72
73
74
75
77
78
80
82
84
87
89
92
95
98
101
105
108
112
116
120
124
127
132
136
140
144
148
152
155
159
163
167
170
174
177
180
183
185
188
190
192
194
195
197
198
198
199
199
199
199
198
197
196
194
192
190
188
185
182
179
176
172
169
165
160
156
152
147
142
137
132
128
122
117
112
107
102
98
93
88
83
79
75
71
67
63
59
56
53
51
48
46
44
43
42
41
40
40
40
41
42
43
45
46
49
51
54
58
61
65
69
73
78
83
88
93
99
104
110
116
122
127
134
140
146
152
157
163
169
175
180
185
190
195
200
204
208
212
216
219
222
224
226
228
229
230
231
231
231
230
229
227
225
223
220
217
214
210
205
201
196
191
186
180
174
168
161
155
148
141
134
128
121
113
106
100
93
86
79
73
66
60
54
49
43
38
34
29
25
22
19
16
13
11
10
9
8
8
9
10
11
13
15
18
21
25
29
33
38
43
49
55
61
68
74
81
89
96
104
112
120