253
253
253
253
253
253
253
253
253
253
253
253
253
253
253
253
253
253
253
253
253
253
253
253
253
253
253
253
253
253
253
253
253
253
253
253
253
253
253
253
253
253
253
253
253
253
253
253
253
253
253
253
253
253
253
253
253
253
253
253
253
253
253
253
253
253
253
253
253
253
253
253
253
253
253
253
253
253
253
253
253
253
253
253
253
253
253
253
253
253
253
253
253
253
253
253
253
253
253
253
253
253
253
253
253
253
253
253
253
253
253
253
253
253
253
253
253
253
253
253
253
253
253
253
253
253
253
253
253
253
253
253
253
0
5
8
12
16
20
24
28
31
35
39
43
47
50
54
58
62
66
70
73
77
81
85
89
93
96
100
104
108
112
116
120
123
127
131
135
139
143
146
150
154
158
162
165
169
173
177
181
185
188
192
196
200
204
208
212
215
219
223
227
231
235
238
242
246
250
253
253
252
248
244
240
236
233
229
225
221
217
213
210
206
202
198
194
190
187
183
179
175
171
168
164
160
156
152
148
144
140
137
133
129
125
121
118
114
110
106
102
98
95
91
87
83
79
75
72
68
64
60
56
53
48
45
41
37
33
29
25
22
18
14
10
6
3
0
7
13
19
25
31
37
43
48
54
60
66
72
78
83
89
95
100
106
111
117
122
127
132
138
143
148
152
157
162
167
171
175
180
184
188
192
196
200
204
207
211
214
217
221
223
226
229
232
234
237
239
241
243
245
246
248
249
250
252
253
253
253
253
253
253
253
253
253
253
253
253
253
253
252
250
249
248
246
245
243
241
239
237
234
232
229
226
223
221
217
214
211
207
204
200
196
192
188
184
180
175
171
167
162
157
152
148
143
138
132
127
122
117
111
106
100
95
89
83
78
72
66
60
54
48
43
37
31
25
19
13
7